0.3373268614523113
0.9556250190362334
0.5193459992296994
0.049420892260968685
0.39978559548035264
0.39749634684994817
0.5316819476429373
0.5116775848437101
0.11590157402679324
0.9993634724523872
0.9819194462615997
0.9191914279945195
0.7755453754216433
0.5880547270644456
0.22908036853186786
0.454064785502851
0.6745305918157101
0.6626821565441787
0.7230350002646446
0.23824699874967337
0.35221323813311756
0.09615764697082341
0.46608292660675943
0.8087650670204312
0.4646290820091963
0.19968981156125665
0.9332120122853667
0.7007877046708018
0.01684131962247193
0.13335421890951693
0.36940941447392106
0.8459503485355526
0.012823916738852859
0.06464120605960488
0.15557665866799653
0.7107734770979732
0.1523389786016196
0.6319931063335389
0.8204448979813606
0.5194108502473682
0.35159827768802643
0.08188435295596719
0.6164060132578015
0.11800617375411093
0.5691382449585944
0.6792113645933568
0.7213826130609959
0.3562510530464351
0.47505042725242674
0.9194595082663
0.04125539679080248
0.923160627251491
0.863532759482041
0.7067045154981315
0.5154685289599001
0.48322682920843363
0.38071889989078045
0.7460167675744742
0.1125003513880074
0.08986298670060933
0.24321668897755444
0.6627079390455037
0.06250292924232781
0.9159459883812815
0.7741508930921555
0.9110502637922764
0.14806112716905773
0.5097253958228976
0.7047673950437456
0.8364748165477067
0.6783461631275713
0.23319259705021977
0.8720034945290536
0.503980113659054
0.06839421018958092
0.9865841150749475
0.8511524270288646
0.7336307070218027
0.8758380971848965
0.8359644904267043
0.4043471026234329
0.050295942928642035
0.5060401414521039
0.9892163882032037
0.3411395172588527
0.2596764010377228
0.07224715920165181
0.5729844286106527
0.8073979176115245
0.23938788450323045
0.35061009880155325
0.8445852939039469
0.9600230797659606
0.3124373808968812
0.13312438991852105
0.6155921393074095
0.7729414745699614
0.2773272767663002
0.9298477594275028
0.46523774159140885
0.11834203079342842
